======================================================================
Atlas Quality Verification Report
======================================================================
Checkpoint: runs/atlas_schwarz_20260213_002517/rabbit_atlas_trained.pt
Charts: 12

--- Jacobian Determinant (membership-filtered, physical domain) ---
  Chart       N   min(det J)   max(det J)   mean(det J)   kappa_p95  foldover%
      0    5000       3.2411       8.3157        4.9470       9.163      0.00%
      1    2287       3.8313       6.9162        4.9668       6.716      0.00%
      2    2807       2.9921       7.4179        4.7252       7.713      0.00%
      3    3571       3.8257       5.9611        4.8676       8.896      0.00%
      4    1513       2.7573       5.0256        4.3424       2.365      0.00%
      5    3434       4.4126       6.7799        5.3014       7.608      0.00%
      6    1536       3.4266       4.6164        4.3816       2.210      0.00%
      7    3480       3.5647       6.3112        4.9994       9.489      0.00%
      8    3268       3.6619       6.3761        5.0766       7.219      0.00%
      9    3221       4.5476       6.4439        5.4731       7.293      0.00%
     10    2715       3.2219       5.9722        4.7839       6.654      0.00%
     11    4256       3.8994       6.7508        5.0422       8.981      0.00%
    AVG               3.6152       6.4073        4.9089       7.026      0.00%

--- Jacobian Determinant (full reference ball, incl. exterior) ---
  Chart   min(det J)   max(det J)   mean(det J)   kappa_p95  foldover%
      0      -3.2407      17.1486        2.9137      14.088      5.60%
      1      -0.4031      14.1507        3.6698       6.742      0.74%
      2      -6.3776      13.2735        2.9211       6.694      2.18%
      3       1.3962      10.4605        3.8186       6.784      0.00%
      4       1.7368       5.0973        3.1484       2.415      0.00%
      5       0.7032      10.0261        3.9409       8.494      0.00%
      6       1.8232       4.6167        3.3653       2.125      0.00%
      7      -0.5492       8.1487        3.2491       9.676      0.34%
      8       0.4812       8.4031        3.2819       9.307      0.00%
      9       0.8611      10.9416        4.1365       8.863      0.00%
     10       0.3516      11.1208        3.5044       6.438      0.00%
     11      -1.3382      11.6527        3.1094      13.507      2.18%
    AVG      -0.3796      10.4200        3.4216       7.928      0.92%

--- Condition Number kappa(J) (membership-filtered) ---
  Chart      mean    median       p95       max
      0     5.228     4.794     9.163    13.489
      1     5.056     4.939     6.716     7.813
      2     4.798     4.556     7.713     9.898
      3     5.252     4.969     8.896    13.883
      4     2.049     2.084     2.365     2.508
      5     5.619     5.769     7.608     8.792
      6     1.869     1.829     2.210     2.228
      7     5.638     5.760     9.489    14.566
      8     5.196     5.241     7.219     9.618
      9     5.950     6.133     7.293     7.886
     10     4.613     4.938     6.654     7.559
     11     5.352     4.961     8.981    11.112

--- Coverage Statistics ---
  Total coverage: 100.00%
  Points: 30000, Charts: 12
  Overlap degree distribution:
    0-chart: 0.0%
    1-chart: 80.0%
    2-chart: 16.9%
    3-chart: 2.5%
    4-chart: 0.5%
    5-chart: 0.0%
    6-chart: 0.0%
  Per-chart membership counts: [5041, 2287, 2807, 3571, 1513, 3434, 1536, 3480, 3268, 3221, 2715, 4256]
  PoU entropy: mean=0.0478, std=0.1493, max=1.3074

--- Transition Map Consistency ---
  Overlapping pairs: 37
  Overall mean error: 2.6155e-02
  Overall max error:  1.5478e-01
      Pair  n_overlap        mean         max         std
  (0,3)           187  1.7923e-02  4.3284e-02  8.5695e-03
  (0,4)           241  3.8668e-02  5.9565e-02  9.4672e-03
  (0,5)           125  1.0262e-02  2.3077e-02  5.8030e-03
  (0,6)           232  4.0390e-02  1.3625e-01  8.0675e-03
  (0,7)           342  2.0534e-02  4.4504e-02  8.9788e-03
  (0,9)             2  1.1327e-02  1.3803e-02  3.5016e-03
  (0,11)          930  2.4797e-02  7.1705e-02  1.1678e-02
  (1,5)            94  1.5338e-02  2.9994e-02  7.3991e-03
  (1,8)           301  1.7764e-02  7.3084e-02  9.6665e-03
  (1,9)           291  1.6057e-02  3.8655e-02  6.6047e-03
  (1,10)          186  2.2794e-02  7.6963e-02  1.3448e-02
  (2,3)            60  2.8216e-02  9.1742e-02  1.8870e-02
  (2,7)           502  3.8157e-02  1.0022e-01  1.7651e-02
  (2,8)           331  3.4661e-02  8.0977e-02  1.6756e-02
  (2,10)          164  2.6171e-02  4.5387e-02  9.8456e-03
  (2,11)          238  2.6287e-02  5.2021e-02  9.4819e-03
  (3,4)             5  2.5668e-02  3.0055e-02  2.8243e-03
  (3,5)           173  1.8799e-02  5.4720e-02  8.8560e-03
  (3,7)           605  2.6210e-02  5.6995e-02  1.0402e-02
  (3,9)           371  2.0211e-02  4.1939e-02  7.6026e-03
  (3,10)          585  2.7331e-02  1.0461e-01  1.7447e-02
  (3,11)          116  1.7269e-02  4.4813e-02  8.0124e-03
  (4,5)             5  2.2302e-02  2.6139e-02  3.2886e-03
  (4,6)             1  1.5478e-01  1.5478e-01         nan
  (4,7)             2  3.3154e-02  3.4733e-02  2.2330e-03
  (4,11)            5  2.5156e-02  2.9569e-02  3.9647e-03
  (5,7)             7  1.8235e-02  3.0041e-02  6.5887e-03
  (5,8)           374  2.1848e-02  6.5157e-02  1.0397e-02
  (5,9)           552  9.6882e-03  3.0711e-02  5.5468e-03
  (5,11)          475  1.9703e-02  7.3640e-02  8.5296e-03
  (7,10)          185  3.1399e-02  9.2971e-02  1.5570e-02
  (7,11)          294  2.1935e-02  5.7279e-02  1.2444e-02
  (8,9)            41  1.1085e-02  2.8216e-02  6.4954e-03
  (8,10)          168  2.0776e-02  4.7930e-02  8.4507e-03
  (8,11)          157  2.4061e-02  5.5544e-02  8.6407e-03
  (9,10)          109  1.6186e-02  3.5370e-02  6.8644e-03
  (9,11)            8  1.2569e-02  1.7282e-02  3.0665e-03

======================================================================